RESULT arm=setpoint seed=1 mad=0.1667 bias=0.0579 disp=0.1583 mean=0.567 median_store=0.565 iqr=0.265 inband=0.962 eat=29 survived=true c_ok=true feed_fails=0 n_scored=53 energies=[0.685, 0.595, 0.5, 0.404, 0.783, 0.669, 0.571, 0.449, 0.359, 0.276, 0.668, 0.541, 0.4, 0.278, 0.66, 0.549, 0.438, 0.316, 0.202, 0.565, 0.929, 0.793, 0.689, 0.545, 0.418, 0.288, 0.674, 0.988, 0.858, 0.709, 0.559, 0.428, 0.827, 0.716, 0.585, 0.468, 0.34, 0.71, 0.585, 0.446, 0.318, 0.195, 0.564, 0.935, 0.776, 0.643, 0.506, 0.868, 0.737, 0.595, ...]
RESULT arm=setpoint seed=2 mad=0.4789 bias=0.4208 disp=0.274 mean=0.204 median_store=0.0 iqr=0.484 inband=0.302 eat=10 survived=false c_ok=true feed_fails=0 n_scored=53 energies=[0.746, 0.967, 0.772, 0.624, 0.484, 0.335, 0.204, 0.546, 0.916, 0.768, 0.624, 0.917, 0.794, 0.661, 0.532, 0.532, 0.312, 0.092, 0.0, 0.0, 0.0, 0.0, 0.0, 0.0, 0.0, 0.0, 0.0, 0.0, 0.0, 0.0, 0.0, 0.0, 0.0, 0.0, 0.0, 0.0, 0.0, 0.0, 0.0, 0.0, 0.0, 0.0, 0.0, 0.0, 0.0, 0.0, 0.0, 0.0, 0.0, 0.0, ...]
RESULT arm=setpoint seed=3 mad=0.4239 bias=0.4025 disp=0.2117 mean=0.223 median_store=0.17 iqr=0.406 inband=0.415 eat=33 survived=false c_ok=true feed_fails=0 n_scored=53 energies=[0.898, 0.816, 0.728, 0.619, 0.519, 0.406, 0.301, 0.2, 0.584, 0.461, 0.346, 0.266, 0.173, 0.569, 0.457, 0.344, 0.19, 0.542, 0.416, 0.319, 0.241, 0.133, 0.527, 0.385, 0.265, 0.17, 0.069, 0.434, 0.285, 0.132, 0.0, 0.0, 0.0, 0.0, 0.0, 0.0, 0.0, 0.0, 0.0, 0.0, 0.0, 0.0, 0.0, 0.0, 0.0, 0.0, 0.0, 0.0, 0.0, 0.0, ...]
RESULT arm=setpoint seed=4 mad=0.1619 bias=0.0213 disp=0.1604 mean=0.646 median_store=0.66 iqr=0.296 inband=0.981 eat=22 survived=true c_ok=true feed_fails=0 n_scored=53 energies=[0.825, 1.0, 0.909, 0.781, 0.664, 0.54, 0.393, 0.287, 0.198, 0.622, 0.516, 0.873, 0.746, 0.578, 0.952, 0.821, 0.66, 0.531, 0.386, 0.745, 0.602, 0.452, 0.302, 0.662, 0.914, 0.762, 0.616, 0.466, 0.812, 0.66, 0.515, 0.864, 0.718, 0.573, 0.416, 0.77, 0.65, 0.497, 0.375, 0.252, 0.606, 0.45, 0.818, 0.695, 0.541, 0.895, 0.775, 0.687, 0.562, 0.964, ...]
RESULT arm=setpoint seed=5 mad=0.34 bias=0.1596 disp=0.3437 mean=0.465 median_store=0.566 iqr=0.8 inband=0.642 eat=21 survived=false c_ok=true feed_fails=0 n_scored=53 energies=[0.991, 0.8, 0.943, 0.803, 0.966, 1.0, 0.89, 0.735, 0.911, 0.768, 0.991, 0.859, 0.723, 0.592, 0.459, 0.805, 0.653, 0.518, 0.413, 0.281, 0.676, 0.566, 0.922, 0.795, 0.643, 0.643, 0.853, 0.694, 0.931, 0.779, 0.633, 0.523, 0.384, 0.284, 0.241, 0.001, 0.0, 0.0, 0.0, 0.0, 0.0, 0.0, 0.0, 0.0, 0.0, 0.0, 0.0, 0.0, 0.0, 0.0, ...]
RESULT arm=setpoint seed=6 mad=0.621 bias=0.621 disp=0.0077 mean=0.004 median_store=0.0 iqr=0.0 inband=0.0 eat=6 survived=false c_ok=true feed_fails=0 n_scored=53 energies=[0.184, 0.028, 0.0, 0.0, 0.0, 0.0, 0.0, 0.0, 0.0, 0.0, 0.0, 0.0, 0.0, 0.0, 0.0, 0.0, 0.0, 0.0, 0.0, 0.0, 0.0, 0.0, 0.0, 0.0, 0.0, 0.0, 0.0, 0.0, 0.0, 0.0, 0.0, 0.0, 0.0, 0.0, 0.0, 0.0, 0.0, 0.0, 0.0, 0.0, 0.0, 0.0, 0.0, 0.0, 0.0, 0.0, 0.0, 0.0, 0.0, 0.0, ...]
RESULT arm=setpoint seed=7 mad=0.2169 bias=0.1953 disp=0.1034 mean=0.82 median_store=0.845 iqr=0.189 inband=0.981 eat=29 survived=true c_ok=true feed_fails=0 n_scored=53 energies=[0.156, 0.935, 0.791, 0.636, 0.873, 0.729, 0.888, 0.774, 0.944, 0.807, 0.979, 0.813, 0.702, 0.52, 0.893, 0.726, 0.866, 0.716, 0.702, 0.9, 0.767, 0.97, 0.855, 0.705, 0.921, 0.726, 0.889, 0.729, 0.927, 0.841, 0.668, 0.88, 0.776, 0.985, 0.826, 0.98, 0.87, 0.845, 0.991, 0.871, 0.732, 0.954, 0.714, 0.885, 0.742, 0.983, 0.767, 0.933, 0.812, 1.0, ...]
RESULT arm=setpoint seed=8 mad=0.4272 bias=0.1625 disp=0.425 mean=0.463 median_store=0.534 iqr=0.932 inband=0.547 eat=74 survived=false c_ok=true feed_fails=0 n_scored=53 energies=[0.953, 0.943, 0.945, 0.96, 0.94, 0.841, 0.932, 0.927, 0.996, 0.902, 0.787, 0.949, 0.958, 0.836, 0.99, 0.874, 0.976, 0.864, 0.732, 0.578, 0.983, 1.0, 0.983, 0.895, 0.792, 0.681, 0.534, 0.386, 0.254, 0.123, 0.0, 0.0, 0.0, 0.0, 0.0, 0.0, 0.0, 0.0, 0.0, 0.0, 0.0, 0.0, 0.0, 0.0, 0.0, 0.0, 0.0, 0.0, 0.0, 0.0, ...]
RESULT arm=setpoint seed=9 mad=0.198 bias=0.0611 disp=0.1852 mean=0.686 median_store=0.725 iqr=0.299 inband=0.925 eat=22 survived=false c_ok=true feed_fails=0 n_scored=53 energies=[0.985, 0.916, 0.742, 0.992, 0.856, 0.738, 0.936, 0.888, 0.662, 1.0, 0.887, 0.854, 0.629, 0.958, 0.819, 0.653, 0.53, 0.873, 0.746, 0.692, 0.487, 0.864, 0.77, 0.633, 0.473, 0.815, 0.672, 0.555, 0.555, 0.873, 0.873, 0.617, 0.497, 0.931, 0.867, 0.576, 0.568, 0.838, 0.724, 0.585, 0.956, 0.824, 0.725, 0.506, 0.843, 0.705, 0.578, 0.433, 0.307, 0.224, ...]
RESULT arm=setpoint seed=10 mad=0.1982 bias=0.1165 disp=0.1636 mean=0.741 median_store=0.757 iqr=0.317 inband=1.0 eat=55 survived=true c_ok=true feed_fails=0 n_scored=53 energies=[0.996, 0.984, 0.991, 0.935, 0.844, 0.746, 0.991, 0.903, 0.824, 0.736, 0.907, 0.92, 0.837, 0.743, 0.659, 0.584, 0.505, 0.921, 0.84, 0.727, 0.64, 0.558, 0.481, 0.394, 0.8, 0.694, 0.612, 0.51, 0.402, 0.768, 0.662, 0.919, 0.783, 0.667, 0.568, 0.457, 0.35, 0.742, 0.995, 0.995, 0.941, 0.933, 0.951, 0.958, 0.838, 0.723, 0.603, 0.499, 0.397, 0.29, ...]
RESULT arm=setpoint seed=11 mad=0.1448 bias=0.0222 disp=0.1436 mean=0.647 median_store=0.649 iqr=0.247 inband=0.981 eat=37 survived=true c_ok=true feed_fails=0 n_scored=53 energies=[0.478, 0.333, 0.194, 0.556, 0.41, 0.773, 0.667, 0.591, 0.516, 0.42, 0.778, 0.677, 0.584, 0.481, 0.845, 0.719, 0.643, 0.566, 0.979, 0.838, 0.727, 0.649, 0.576, 0.498, 0.902, 0.767, 0.68, 0.607, 0.531, 0.93, 0.809, 0.704, 0.628, 0.555, 0.474, 0.86, 0.733, 0.657, 0.58, 0.507, 0.867, 0.734, 0.656, 0.526, 0.384, 0.3, 0.689, 0.584, 0.5, 0.889, ...]
RESULT arm=setpoint seed=12 mad=0.2105 bias=0.0183 disp=0.2085 mean=0.643 median_store=0.667 iqr=0.369 inband=0.906 eat=16 survived=true c_ok=true feed_fails=0 n_scored=53 energies=[0.211, 0.589, 0.912, 0.765, 0.667, 0.564, 0.501, 0.413, 0.305, 0.198, 0.634, 0.497, 0.421, 0.322, 0.192, 0.991, 0.909, 0.751, 0.991, 0.89, 0.741, 0.995, 0.888, 0.764, 0.645, 0.94, 0.814, 0.716, 0.997, 0.909, 0.808, 0.716, 0.997, 0.836, 0.772, 0.661, 0.602, 0.474, 0.402, 0.339, 0.735, 0.673, 0.559, 0.467, 0.36, 0.212, 0.118, 0.997, 0.906, 0.796, ...]
RESULT arm=saturable seed=1 mad=0.2652 bias=0.2652 disp=0.0683 mean=0.89 median_store=0.893 iqr=0.128 inband=1.0 eat=105 survived=true c_ok=true feed_fails=0 n_scored=53 energies=[0.808, 0.888, 1.0, 0.936, 0.901, 0.893, 0.982, 0.934, 0.927, 0.979, 0.898, 0.757, 0.638, 0.949, 0.927, 0.794, 0.927, 0.799, 0.897, 0.771, 0.889, 0.756, 0.871, 1.0, 0.864, 0.731, 0.866, 0.991, 0.859, 0.978, 0.858, 0.987, 0.855, 0.97, 0.823, 0.991, 0.853, 1.0, 0.859, 0.865, 1.0, 0.849, 0.979, 0.819, 0.953, 0.966, 0.838, 0.978, 0.824, 0.965, ...]
RESULT arm=saturable seed=2 mad=0.2942 bias=0.2942 disp=0.0571 mean=0.919 median_store=0.94 iqr=0.081 inband=1.0 eat=99 survived=true c_ok=true feed_fails=0 n_scored=53 energies=[0.991, 0.991, 0.808, 0.982, 1.0, 0.978, 0.991, 0.812, 0.635, 0.979, 0.785, 0.952, 0.941, 0.898, 0.908, 0.899, 1.0, 0.897, 0.856, 0.951, 0.967, 0.981, 0.899, 0.92, 0.911, 0.937, 0.987, 0.932, 0.911, 0.954, 0.991, 0.856, 0.915, 0.912, 0.996, 0.967, 0.94, 0.991, 0.974, 0.856, 0.957, 0.937, 0.796, 0.94, 0.785, 0.921, 0.775, 0.952, 0.968, 0.823, ...]
RESULT arm=saturable seed=3 mad=0.2816 bias=0.2793 disp=0.0772 mean=0.904 median_store=0.938 iqr=0.13 inband=1.0 eat=143 survived=true c_ok=true feed_fails=0 n_scored=53 energies=[1.0, 1.0, 0.867, 0.742, 0.966, 0.983, 1.0, 0.987, 0.933, 0.929, 0.952, 0.962, 0.975, 1.0, 0.856, 0.958, 0.978, 0.932, 0.936, 0.972, 0.957, 1.0, 0.955, 0.817, 0.942, 0.961, 0.821, 0.942, 0.802, 0.926, 1.0, 0.856, 0.983, 0.841, 0.977, 0.842, 0.968, 0.809, 0.705, 0.564, 0.937, 0.806, 0.705, 0.955, 0.806, 0.938, 0.794, 0.925, 0.776, 0.964, ...]
RESULT arm=saturable seed=4 mad=0.2665 bias=0.2642 disp=0.0809 mean=0.889 median_store=0.906 iqr=0.142 inband=1.0 eat=84 survived=true c_ok=true feed_fails=0 n_scored=53 energies=[0.848, 1.0, 0.984, 1.0, 0.968, 0.968, 0.966, 0.766, 0.669, 0.563, 0.992, 0.94, 1.0, 0.986, 0.992, 0.971, 0.906, 0.786, 0.948, 0.924, 0.931, 0.925, 0.885, 0.736, 0.877, 0.738, 0.872, 0.891, 0.741, 0.964, 0.819, 0.873, 0.939, 0.811, 0.969, 0.826, 0.992, 0.83, 0.98, 0.829, 0.979, 0.816, 0.992, 0.866, 1.0, 0.854, 1.0, 0.874, 0.735, 0.874, ...]
RESULT arm=saturable seed=5 mad=0.2346 bias=0.2316 disp=0.0896 mean=0.857 median_store=0.868 iqr=0.17 inband=1.0 eat=100 survived=true c_ok=true feed_fails=0 n_scored=53 energies=[0.986, 0.935, 0.991, 0.908, 0.802, 0.7, 0.628, 0.933, 0.87, 0.767, 0.945, 0.868, 0.849, 0.718, 0.983, 0.911, 0.741, 0.599, 0.913, 0.775, 0.675, 0.571, 0.915, 0.77, 1.0, 0.862, 0.723, 0.912, 0.769, 0.912, 0.794, 0.962, 0.852, 1.0, 0.968, 0.814, 0.994, 0.83, 0.991, 0.874, 0.757, 0.88, 0.736, 0.921, 0.798, 0.97, 0.835, 0.991, 0.852, 0.974, ...]
RESULT arm=saturable seed=6 mad=0.2398 bias=0.2329 disp=0.0853 mean=0.858 median_store=0.874 iqr=0.142 inband=1.0 eat=132 survived=true c_ok=true feed_fails=0 n_scored=53 energies=[0.86, 0.964, 0.831, 0.727, 0.915, 0.804, 0.699, 0.889, 0.95, 0.815, 0.689, 0.59, 0.477, 1.0, 0.846, 1.0, 0.987, 0.844, 0.727, 0.875, 1.0, 0.936, 1.0, 0.989, 0.852, 0.923, 0.762, 0.907, 0.935, 0.899, 0.774, 0.914, 0.78, 0.931, 0.796, 0.949, 0.805, 0.945, 0.795, 0.942, 0.824, 0.975, 0.83, 0.961, 0.818, 0.942, 0.802, 0.941, 0.8, 0.878, ...]
RESULT arm=saturable seed=7 mad=0.2837 bias=0.2835 disp=0.0697 mean=0.908 median_store=0.942 iqr=0.097 inband=1.0 eat=127 survived=true c_ok=true feed_fails=0 n_scored=53 energies=[0.986, 0.996, 0.844, 0.744, 0.72, 0.987, 0.976, 0.862, 0.764, 0.62, 0.968, 0.874, 0.742, 0.976, 0.885, 0.698, 0.942, 1.0, 0.965, 0.972, 0.846, 0.835, 0.9, 0.952, 0.986, 0.979, 0.954, 0.744, 0.957, 0.971, 0.965, 1.0, 0.969, 0.907, 0.963, 0.991, 0.904, 0.983, 1.0, 0.942, 0.939, 0.939, 0.967, 0.897, 0.919, 0.892, 0.932, 0.943, 0.945, 0.815, ...]
RESULT arm=saturable seed=8 mad=0.2167 bias=0.2058 disp=0.088 mean=0.831 median_store=0.845 iqr=0.16 inband=1.0 eat=102 survived=true c_ok=true feed_fails=0 n_scored=53 energies=[0.833, 0.751, 0.928, 0.845, 0.766, 0.945, 0.872, 0.785, 0.694, 0.578, 0.942, 0.855, 0.775, 0.959, 0.881, 0.787, 0.962, 0.856, 0.756, 0.665, 0.55, 0.459, 0.874, 0.78, 0.964, 0.854, 0.745, 0.946, 0.861, 0.766, 0.937, 0.826, 0.746, 0.646, 0.927, 0.831, 1.0, 0.907, 0.814, 0.991, 0.896, 0.799, 0.983, 0.885, 0.786, 0.964, 0.873, 0.936, 0.834, 0.742, ...]
RESULT arm=saturable seed=9 mad=0.2222 bias=0.2144 disp=0.1028 mean=0.839 median_store=0.879 iqr=0.171 inband=1.0 eat=148 survived=true c_ok=true feed_fails=0 n_scored=53 energies=[0.928, 0.936, 0.936, 0.747, 0.987, 0.789, 0.704, 0.956, 0.796, 0.71, 0.902, 0.821, 0.675, 0.926, 0.781, 0.643, 0.914, 0.83, 0.955, 0.765, 0.667, 0.971, 1.0, 0.942, 0.73, 0.659, 0.613, 0.479, 0.888, 0.787, 0.672, 0.576, 0.98, 0.887, 0.919, 0.834, 0.721, 0.901, 0.803, 0.973, 0.935, 0.879, 0.79, 0.984, 0.916, 1.0, 0.854, 0.854, 0.918, 0.954, ...]
RESULT arm=saturable seed=10 mad=0.3227 bias=0.3227 disp=0.0419 mean=0.948 median_store=0.967 iqr=0.037 inband=1.0 eat=167 survived=true c_ok=true feed_fails=0 n_scored=53 energies=[1.0, 0.992, 0.972, 0.972, 0.991, 0.98, 0.954, 0.973, 0.956, 1.0, 0.992, 1.0, 1.0, 0.957, 0.98, 0.974, 0.991, 0.993, 0.965, 0.965, 0.952, 0.949, 0.971, 0.93, 0.965, 0.974, 0.982, 0.961, 1.0, 0.981, 0.924, 1.0, 0.977, 0.904, 0.944, 0.97, 0.967, 0.978, 1.0, 0.946, 0.965, 0.947, 0.902, 0.749, 0.868, 0.98, 0.941, 0.794, 0.912, 0.772, ...]
RESULT arm=saturable seed=11 mad=0.2874 bias=0.2874 disp=0.0624 mean=0.912 median_store=0.937 iqr=0.112 inband=1.0 eat=146 survived=true c_ok=true feed_fails=0 n_scored=53 energies=[0.966, 1.0, 0.988, 0.958, 0.955, 1.0, 0.977, 0.963, 0.973, 0.947, 0.94, 0.929, 0.983, 0.979, 0.858, 0.926, 0.965, 0.91, 0.934, 0.883, 0.904, 0.996, 1.0, 0.968, 0.986, 0.948, 0.956, 0.826, 0.956, 0.8, 0.903, 0.744, 0.861, 0.975, 0.831, 0.872, 1.0, 0.854, 0.977, 0.828, 0.937, 0.787, 0.904, 0.751, 0.908, 0.757, 0.87, 0.991, 0.846, 0.953, ...]
RESULT arm=saturable seed=12 mad=0.274 bias=0.274 disp=0.0633 mean=0.899 median_store=0.908 iqr=0.125 inband=1.0 eat=98 survived=true c_ok=true feed_fails=0 n_scored=53 energies=[1.0, 0.919, 0.934, 0.903, 0.968, 0.908, 0.941, 0.934, 0.925, 1.0, 0.944, 1.0, 0.91, 0.753, 0.928, 0.917, 0.991, 0.854, 0.879, 0.759, 0.976, 0.834, 0.907, 0.757, 0.902, 0.767, 0.884, 1.0, 0.845, 0.996, 0.982, 0.827, 0.984, 0.838, 0.747, 0.866, 0.996, 0.956, 0.839, 0.948, 0.815, 0.972, 0.83, 0.888, 0.741, 0.893, 0.994, 0.848, 0.965, 0.839, ...]
